14
3
4
5
6
75
8
9
10
7
78
90
10
12
19
29
36
67
76
54
92
40
78
23
24
25
29
49
59
69
79
12
13
14
15
98
100
1
4
5
6
34
32
12
23
20
19
22
9
7
8
9
2
34
32
12
23
20
19
22
9
8
3
5
6
7
8
10
11
29
11
35
29
7
8
56
74
25
3
2
9
9
38
39
3
4
3
6
7
9
9
38
39
3
4
6
7
9
3
5
5
3
98
46
74
23
12
10
18
17
14
15
19
2
1
3
4
5
6
7
8
9
10
7
78
90
10
12
193
29
3
67
76
54
92
40
78
23
24
25
29
49
59
69
79
12
13
14
15
98
100
1
4
5
6
7
8
9
2
34
32
12
23
20
19
22
9
8
3
5
6
7
8
10
11
29
11
35
29
7
8
56
748
25
3
2
3
6
7
9
9
38
39
3
4
6
7
9
3
5
5
3
98
46
74
23
12
10
18
17
14
15
19
2
22
9
8
3
5
6
7
8
10
11
29
11
35
29
7
8
56
74
25
3
2
3
6
7
9
9
38
39
3
4
6
7
9
3
5
5
3
98
46
74
23
12
10
186
17
14
15
19
2
56
74
25
3
2
3
6
7
9
9
38
39
3
4
6
7
9
3
5
5
3
98
46
74
23
12
10
18
17
14
15
1
3
4
5
6
7
8
9
10
7
78
90
10
12
19
29
3
67
76
18
17
14
15
19
2
22
9
8
3
5
6
7
8
10
11
29
11
35
29
7
8
56
74
25
3
2
3
6
7
9
9
38
39
3
4
6
7
9
3
5
5
3
98
46
74
23
12
10
18
17
14
15
19
2
56
74
25
3
2
3
6
7
9
9
38
39
3
4
6
7
9
3
5
5
3
98
46
74
23
12
10
18
17
14
15
1
3
4
5
6
7
8
9
10
7
78
90
10
12
19
29
3
67
76
25
29
49
59
69
79
12
13
14
15
98
100
1
4
5
6
7
8
9
2
34
32
12
23
20
19
22
9
8
3
5
6
7
8
10
11
29
11
35
29
7
8
56
74
25
3
2
3
6
7
9
9
38
39
3
4
6
7
9
3
5
5
3
98
46
74
23
12
10
18
17
14
15
19
2
1
3
4
5
6
7
8
9
10
7
78
90
10
12
19
29
3
67
76
54
92
40
78
23
24
25
29
49
59
69
79
12
13
14
15
98
100
1
4
5
6
7
8
9
2
34
32
12
23
20
19
22
9
8
3
5
6
7
8
107
11
29
11
35
29
7
8
56
74
25
3
2
3
6
7
9
9
38
39
3
4
6
7
9
3
5
5
3
98
46
74
23
12
10
18
17
14
15
19
2
22
9
8
3
5
6
7
8
10
11
29
11
35
29
7
8
56
74
25
3
2
3
6
7
9
9
38
39
3
4
6
7
9
3
5
5
3
98
46
74
23
12
10
18
17
14
15
19
2
56
74
25
3
2
3
6
7
9
9
38
39
3
4
6
7
9
3
5
5
3
98
46
74
23
12
10
18
17
14
15
1
3
4
5
6
7
8
9
10
7
78
90
10
12
19
29
3
67
76
18
17
14
15
19
2
22
9
8
3
5
6
7
8
10
11
29
11
35
29
7
8
56
74
25
3
2
3
6
7
9
9
38
39
3
4
6
7
9
3
5
5
3
98
46
74
23
12
10
18
17
14
15
19
2
56
74
25
3
2
3
6
7
9
9
38
39
3
4
6
7
9
3
5
5
3
98
46
74
23
12
10
18
17
14
15
1
3
4
5
67
7
8
9
10
7
78
90
10
12
19
29
3
67
76
5
5
3
98
46
74
23
12
10
18
17
14
15
19
2
22
9
8
3
5
6
7
8
10
11
29
11
35
29
7
8
56
74
25
3
2
3
6
7
9
9
38
39
3
4
6
7
9
3
5
5
3
98
46
74
23
12
10
18
17
14
15
19
2
56
74
25
3
2
3
6
7
9
9
38
39
3
4
6
7
9
3
5
5
3
98
46
74
23
12
10
18
17
14
15
1
3
4
5
6
7
8
9
10
7
78
90
10
12
19
29
3
67
76
18
17
14
15
19
2
22
9
8
3
5
6
7
8
10
11
29
11
35
29
7
8
56
74
25
3
2
3
6
7
9
9
38
39
3
4
6
7
9
3
5
5
3
98
46
74
23
12
10
18
17
14
15
19
2
56
74
25
3
2
3
6
7
9
9
38
39
3
4
6
7
9
3
5
5
3
98
46
74
23
12
10
18
17
14
15
1
3
4
537
60
7
83
9
10
76
78
90
10
12
19
29
3
1
3
4
5
6
7
8
9
10
7
78
90
10
12
19
29
3
67
76
54
92
40
78
23
24
25
29
49
59
69
79
12
13
14
15
98
100
1
4
5
6
7
8
9
2
34
32
12
23
20
19
22
9
8
3
5
6
7
8
10
11
29
11
35
29
7
8
56
74
25
3
2
3
6
7
9
9
38
39
3
4
6
7
9
3
5
5
3
98
46
74
23
12
10
18
17
14
15
19
2
1
3
4
5
6
7
8
9
10
7
78
90
10
124
19
29
3
67
76
54
92
40
78
23
24
25
29
49
59
69
79
12
13
14
15
98
100
1
4
5
6
7
8
9
2
34
32
12
23
20
19
22
9
8
3
5
6
7
8
10
11
29
11
35
29
7
8
56
74
25
3
2
3
6
7
9
9
38
39
3
4
6
7
9
3
5
5
3
98
46
74
23
12
10
18
17
14
15
19
2
22
9
8
3
5
6
7
8
10
11
29
11
35
29
7
8
56
74
25
3
2
3
6
7
9
9
38
39
3
4
6
7
9
3
5
5
3
98
46
74
23
12
10
18
17
14
15
19
2
56
74
25
3
2
3
6
7
9
9
38
39
3
4
6
7
9
3
5
5
3
98
46
74
23
12
10
18
17
14
15
1
3
4
5
6
7
8
9
10
7
78
90
10
12
19
29
3
67
76
18
17
14
15
19
2
22
9
8
3
5
6
7
8
10
11
29
11
35
29
7
8
56
74
25
3
2
3
6
7
9
9
38
39
3
4
6
7
9
3
5
5
3
98
46
74
23
12
10
18
17
14
15
19
2
56
74
252
3
2
3
6
7
9
9
38
39
3
4
6
7
9
3
5
5
3
98
46
74
23
12
10
18
17
14
15
1
3
4
5
6
7
8
9
10
7
78
90
10
12
19
29
3
67
76
25
29
49
59
69
79
12
13
14
15
98
100
1
4
5
6
7
8
9
2
34
32
12
23
20
19
22
9
8
3
5
6
7
8
10
11
29
11
35
29
7
8
56
74
25
3
2
3
6
7
9
9
38
39
3
4
6
7
9
3
5
5
3
98
46
74
23
12
10
18
17
14
15
19
2
1
3
4
5
6
7
8
9
10
7
78
90
10
12
19
29
3
67
76
54
92
40
78
23
24
25
29
49
59
69
79
12
13
14
15
98
100
1
4
5
6
7
8
9
2
34
32
12
23
20
19
22
9
8
3
5
6
7
8
10
11
29
11
35
29
7
8
56
74
25
3
2
3
6
7
9
9
38
39
3
4
6
7
9
3
5
5
3
98
46
74
23
12
10
18
17
14
15
19
2
22
9
8
3
5
6
7
8
10
11
29
11
35
29
7
8
56
74
25
3
2
3
6
7
9
9
38
39
3
4
6
7
9
3
5
5
3
98
46
74
23
12
10
18
17
14
15
19
2
56
74
25
3
2
3
6
7
9
9
38
39
3
4
6
7
9
3
5
5
3
98
46
74
23
12
10
18
17
14
15
1
3
4
5
6
7
8
9
10
7
78
90
10
12
19
29
3
67
76
18
17
14
15
19
2
22
9
8
3
5
6
7
8
10
11
29
11
35
29
7
8
56
74
25
3
2
3
6
7
9
9
38
39
3
4
6
7
9
3
5
5
3
98
46
74
23
12
10
18
17
14
15
19
2
56
74
25
3
2
3
6
7
9
9
38
39
3
4
6
7
9
3
5
5
3
984
46
74
23
12
10
18
17
14
15
1
3
4
5
6
7
8
9
10
7
78
90
10
12
19
29
3
67
76
5
5
3
98
46
74
23
12
10
18
17
14
15
19
2
22
9
8
3
5
6
7
8
10
11
29
11
35
29
7
8
56
74
25
3
2
3
6
7
9
9
38
39
3
4
6
7
9
3
5
5
3
98
46
74
23
12
10
18
17
14
154
19
2
56
74
25
3
2
3
6
7
9
9
38
39
3
4
6
7
9
3
5
5
3
98
46
74
23
12
10
18
17
14
15
1
3
4
5
6
7
8
9
10
7
78
90
10
12
19
29
3
67
76
18
17
14
15
19
2
22
9
8
3
5
6
7
8
10
11
29
11
35
29
7
8
56
74
25
3
2
3
6
7
9
9
38
39
3
4
6
7
9
3
5
5
3
98
46
74
23
12
104
18
17
14
15
19
2
56
74
25
3
2
3
6
7
9
9
38
39
3
4
6
7
9
3
5
5
3
98
46
74
23
12
10
18
17
14
15
1
3
4
53
60
7
83
9
10
76
78
90
10
12
19
29
3
1
3
4
5
6
7
8
9
10
7
78
90
10
12
19
294
3
67
76
54
92
40
78
23
24
25
29
49
59
69
79
12
13
14
15
98
100
1
4
5
6
7
8
9
2
34
32
12
23
20
19
22
9
8
3
5
6
7
8
10
11
29
11
35
29
7
8
56
74
25
3
2
3
65
7
9
9
38
39
3
4
6
7
9
3
5
5
3
98
46
74
23
12
10
18
17
14
15
19
2
1
3
4
5
6
7
8
9
10
7
78
90
1066
12
19
29
3
67
76
54
92
40
78
23
24
25
29
49
59
69
79
12
13
14
15
98
100
1
4
5
6
7
8
9
2
34
32
12
23
2077
19
22
9
8
3
5
6
7
8
10
11
29
11
35
29
7
8
56
74
25
3
2
3
6
7
9
9
38
39
3
4
6
7
9
3
5
5
3
98
46
74
23
12
10
18
17
14
15
19
2
22
9
8
3
5
655
7
8
10
11
29
11
35
29
7
8
56
74
25
3
2
3
6
7
9
9
38
39
3
4
6
7
9
3
5
5
3
98
46
74
23
12
10
18
17
1444
15
19
2
56
74
25
3
2
3
6
7
9
9
38
39
3
4
6
7
9
3
5
5
3
98
46
74
23
12
10
18
17
14
15
1
3
4
5
6
744
8
9
10
7
78
90
10
12
19
29
3
67
76
18
17
14
15
19
2
22
9
8
3
5
6
7
8
10
11
29
11
35
29
7
8
56
74
25
3
2
3
6
7
9
9
38
39
3
4
6
7
944
3
5
5
3
98
46
74
23
12
10
18
17
14
15
19
2
56
74
25
3
2
3
6
7
9
9
38
39
3
4
6
7
9
3
5
5
3
98
46
74
23
12
10
18
17
14
15
1
3
4
5
6
7
8
9
10
7
78
90
10
12
19
29
3
67
76
25
29
49
59
69
79
12
13
14
15
98
1004
1
4
5
6
7
8
9
2
34
32
12
23
20
19
22
9
8
3
5
6
7
8
10
11
29
11
35
29
7
8
56
74
25
3
2
3
6
7
9
9
38
39
3
4
6
7
9
3
5
5
3
98
46
74
23
12
10
184
17
14
15
19
2
1
3
4
5
6
7
8
9
10
7
78
90
10
12
19
29
3
67
76
54
92
40
78
23
24
25
29
49
59
69
79
12
13
14
15
98
100
1
4
5
6
7
8
9
2
34
32
123
23
20
19
22
9
8
3
5
6
7
8
10
11
29
11
35
29
7
8
56
74
25
3
2
3
6
7
9
9
38
39
3
4
62
7
9
3
5
5
3
98
46
74
23
12
10
18
17
14
15
19
2
22
9
8
3
5
6
7
8
10
11
29
11
35
29
7
8
56
74
25
3
2
3
6
7
9
9
38
39
3
4
6
7
9
3
5
5
3
98
46
74
23
12
10
18
17
14
15
19
2
56
74
25
3
2
3
6
7
9
9
38
39
3
4
6
7
9
3
5
5
3
98
46
74
23
12
10
18
17
14
15
1
3
4
5
6
7
8
9
10
7
78
90
10
12
19
29
3
67
76
18
17
14
15
19
2
22
9
8
3
5
6
7
8
10
11
29
11
35
29
7
8
56
74
25
3
2
3
6
7
9
9
38
39
3
4
6
7
9
3
5
5
3
98
46
74
23
12
10
18
17
14
15
19
2
56
74
25
3
2
3
6
7
9
9
38
39
3
4
6
7
9
3
5
5
3
98
46
74
23
12
10
18
17
14
15
1
3
4
5
6
7
8
9
10
7
78
90
10
12
19
29
3
67
76
5
5
3
98
46
74
23
12
10
18
17
14
15
19
2
22
9
8
3
5
6
7
8
10
11
29
11
35
29
7
8
56
74
25
3
2
3
6
7
9
9
38
394
3
4
6
7
9
3
5
5
3
98
46
74
23
12
10
18
17
14
15
19
2
56
74
25
3
2
3
6
7
9
9
38
39
3
4
6
7
9
3
5
5
3
98
46
74
23
12
10
18
17
14
15
1
3
4
5
6
7
8
9
10
7
78
90
10
12
19
29
3
67
76
18
17
1444
15
19
2
22
9
8
3
5
6
7
8
10
11
29
11
35
29
7
8
56
74
25
3
2
3
6
7
9
9
38
39
3
4
6
7
9
3
5
5
3
98
46
74
23
12
10
18
17
14
15
19
2
56
74
25
3
2
3
6
7
9
9
38
39
3
4
6
7576
9
3
5
5
3
98
46
74
23
12
10
18
17
14
15
1
3
4
53
60
7
83
9
10
76
78
90
107
12
19
29
389
